Waypoint 1,29.77393,0.1972393
Waypoint 2,30.42497,0.04932312
Waypoint 3,31.04543,0.3068535
Waypoint 4,31.22113,0.6220869
Waypoint 5,28.88542,0.9770895
Waypoint 6,26.18348,1
Waypoint 1,21.44515,1
Waypoint 2,22.33552,0.549639
Waypoint 3,22.72247,1
Waypoint 4,22.7956,0.9005982
Waypoint 5,23.05921,0.4811432
Waypoint 6,23.22029,0.870896
Waypoint 1,22.71303,0.1983038
Waypoint 2,23.10916,0.1982656
Waypoint 3,23.35894,0.6618279
Waypoint 4,23.42163,0.9787658
Waypoint 5,23.4711,1
Waypoint 6,22.72889,1
Waypoint 1,29.5603,0.0994176
Waypoint 2,29.84132,0.1987994
Waypoint 3,30.01601,0.5015538
Waypoint 4,30.08167,0.7559433
Waypoint 5,29.34923,1
Waypoint 6,28.45655,1
Waypoint 1,25.4154,0.2471652
Waypoint 2,25.60861,0.5270315
Waypoint 3,25.70147,0.8365951
Waypoint 4,25.7018,1
Waypoint 5,25.72275,1
Waypoint 6,25.18826,1
Waypoint 1,26.82797,0
Waypoint 2,27.00579,0.2760396
Waypoint 3,27.14097,0.4844909
Waypoint 4,27.22877,0.7831214
Waypoint 5,27.21412,1
Waypoint 6,26.88428,1
Waypoint 1,22.9331,0.653574
Waypoint 2,23.40894,0.1877692
Waypoint 3,23.75792,0.2808028
Waypoint 4,24.12235,0.2212989
Waypoint 5,24.33505,0.6341208
Waypoint 6,23.81918,0.9932582
Waypoint 1,34.08561,0.1490994
Waypoint 2,34.24227,0.3116973
Waypoint 3,34.4155,0.3026108
Waypoint 4,34.53453,0.5652829
Waypoint 5,34.55165,0.870744
Waypoint 6,33.63488,1
