Waypoint 1,29.20967,0.6460975
Waypoint 2,29.20528,0.475578
Waypoint 3,26.9193,0.8477806
Waypoint 4,25.2796,1
Waypoint 5,23.3796,1
Waypoint 6,22.07645,1
Waypoint 1,22.5508,1
Waypoint 2,22.78746,1
Waypoint 3,22.95889,1
Waypoint 4,23.02441,1
Waypoint 5,22.73043,1
Waypoint 6,21.17264,1
Waypoint 1,21.80785,0.0993993
Waypoint 2,22.09107,0.5020927
Waypoint 3,22.22355,0.8852963
Waypoint 4,21.70407,1
Waypoint 5,21.18954,1
Waypoint 6,19.57443,1
Waypoint 1,27.93806,0
Waypoint 2,28.17682,0.09746559
Waypoint 3,28.41273,0.4776055
Waypoint 4,28.49884,0.7027411
Waypoint 5,27.7973,1
Waypoint 6,27.06416,1
Waypoint 1,26.23055,0.947077
Waypoint 2,26.21932,1
Waypoint 3,26.21281,1
Waypoint 4,26.35343,0
Waypoint 5,26.01165,0
Waypoint 6,25.76751,0.08433817
Waypoint 1,24.20009,0
Waypoint 2,21.89013,0.586205
Waypoint 3,22.85524,0.09896174
Waypoint 4,23.30836,0.473
Waypoint 5,23.42509,0.7057775
Waypoint 6,23.47918,0.7956843
Waypoint 1,23.82414,0.4473047
Waypoint 2,23.95588,0.8227943
Waypoint 3,23.69039,1
Waypoint 4,22.39463,1
Waypoint 5,20.38362,1
Waypoint 6,18.65322,1
Waypoint 1,31.51979,0.2484995
Waypoint 2,31.635,0.506308
Waypoint 3,31.19286,0.8825058
Waypoint 4,30.65888,1
Waypoint 5,30.12647,1
Waypoint 6,29.4595,1
