Waypoint 1,30.28322,0.3462333
Waypoint 2,30.73857,0.5581136
Waypoint 3,31.50804,0.1895601
Waypoint 4,32.01583,0.4809149
Waypoint 5,31.47567,0.8089519
Waypoint 6,28.45984,1
Waypoint 1,23.19109,1
Waypoint 2,21.7391,1
Waypoint 3,22.6831,0.5441808
Waypoint 4,23.02818,0.3723063
Waypoint 5,23.35699,0.4880121
Waypoint 6,23.74181,0.4423522
Waypoint 1,20.59305,0
Waypoint 2,20.92584,0.1988027
Waypoint 3,21.16899,0
Waypoint 4,21.35597,0.2657235
Waypoint 5,21.62048,0.7197518
Waypoint 6,21.24243,1
Waypoint 1,25.89385,0.1966092
Waypoint 2,26.13466,0.5152409
Waypoint 3,26.22081,0.8372202
Waypoint 4,26.04161,1
Waypoint 5,25.43777,1
Waypoint 6,24.61002,1
Waypoint 1,23.02136,0
Waypoint 2,23.33095,0.3124478
Waypoint 3,23.59895,0.34871
Waypoint 4,23.76814,0.7045668
Waypoint 5,23.81615,1
Waypoint 6,23.06924,1
Waypoint 1,22.2642,0.04969757
Waypoint 2,22.52741,0.4101276
Waypoint 3,22.75663,0.2317512
Waypoint 4,22.97461,0.602079
Waypoint 5,23.06718,1
Waypoint 6,22.33529,1
Waypoint 1,20.09009,0.3066941
Waypoint 2,20.52986,0
Waypoint 3,20.98416,0.3487573
Waypoint 4,21.36567,0.1490985
Waypoint 5,21.66483,0.6460959
Waypoint 6,21.63219,1
Waypoint 1,32.66875,0.7537481
Waypoint 2,31.93555,1
Waypoint 3,31.38578,1
Waypoint 4,30.69704,1
Waypoint 5,30.144,1
Waypoint 6,29.64338,0.7840879
