Waypoint 1,29.92767,0.4961355
Waypoint 2,30.42332,0.8008884
Waypoint 3,30.80479,1
Waypoint 4,31.04856,1
Waypoint 5,30.46425,1
Waypoint 6,28.09288,1
Waypoint 1,23.93134,0.1490977
Waypoint 2,22.93349,0.04969923
Waypoint 3,23.77404,0.581377
Waypoint 4,24.42213,0.9874595
Waypoint 5,24.75381,1
Waypoint 6,24.87199,1
Waypoint 1,23.85646,0.2485319
Waypoint 2,24.06468,0.6024751
Waypoint 3,24.20294,0.5105889
Waypoint 4,24.43588,0.237114
Waypoint 5,24.68116,0.6703614
Waypoint 6,24.31674,1
Waypoint 1,27.83683,0.2484995
Waypoint 2,28.07463,0.3744318
Waypoint 3,28.2805,0.4671881
Waypoint 4,28.38575,0.7825676
Waypoint 5,28.19403,1
Waypoint 6,27.23446,1
Waypoint 1,27.04719,0.5003077
Waypoint 2,27.16518,0.8951501
Waypoint 3,27.14984,1
Waypoint 4,26.65987,1
Waypoint 5,25.33266,1
Waypoint 6,22.75236,1
Waypoint 1,25.79846,0.6475106
Waypoint 2,25.84588,0.9313615
Waypoint 3,25.84491,1
Waypoint 4,25.8721,1
Waypoint 5,25.89553,1
Waypoint 6,25.89753,1
Waypoint 1,22.60475,0.2991867
Waypoint 2,23.34286,0
Waypoint 3,23.71222,0.1499222
Waypoint 4,23.89982,0.4708504
Waypoint 5,24.02409,0.7883181
Waypoint 6,23.59484,1
Waypoint 1,33.99811,0
Waypoint 2,34.22096,0.2010113
Waypoint 3,34.38764,0.5552866
Waypoint 4,34.37093,0.9079087
Waypoint 5,33.61312,1
Waypoint 6,32.57468,1
