Waypoint 1,30.09785,5.811825E-05
Waypoint 2,30.75614,0.0512452
Waypoint 3,31.37079,0.3534741
Waypoint 4,31.55923,0.7184748
Waypoint 5,29.19108,1
Waypoint 6,26.13548,1
Waypoint 1,20.57224,1
Waypoint 2,21.33639,0.7513096
Waypoint 3,21.84593,0.7029164
Waypoint 4,22.08135,0.8864879
Waypoint 5,22.32643,0.7233047
Waypoint 6,22.06337,0.8500629
Waypoint 1,21.76148,0.09859309
Waypoint 2,22.19081,0.2852075
Waypoint 3,22.47082,0.3456064
Waypoint 4,22.62985,0.6438068
Waypoint 5,22.70397,1
Waypoint 6,22.79706,1
Waypoint 1,28.19554,0.1490993
Waypoint 2,28.52897,0.04984951
Waypoint 3,28.76284,0.4125412
Waypoint 4,28.85699,0.7114573
Waypoint 5,28.41245,1
Waypoint 6,27.53997,1
Waypoint 1,25.22961,0.8946019
Waypoint 2,25.3312,0.7508163
Waypoint 3,25.57561,0.7296909
Waypoint 4,25.57346,1
Waypoint 5,25.56267,1
Waypoint 6,25.00916,1
Waypoint 1,24.97442,0
Waypoint 2,25.20592,0.1489217
Waypoint 3,25.46543,0.1073541
Waypoint 4,25.69747,0.1988011
Waypoint 5,25.92013,0.6201118
Waypoint 6,25.1471,1
Waypoint 1,21.85928,0.4052631
Waypoint 2,22.26774,0
Waypoint 3,22.69455,0.2944492
Waypoint 4,23.07521,0.1490985
Waypoint 5,23.37424,0.679883
Waypoint 6,22.81271,1
Waypoint 1,35.10302,0.3976013
Waypoint 2,35.1716,0.6273798
Waypoint 3,35.13276,0.9410889
Waypoint 4,34.52333,1
Waypoint 5,33.76847,1
Waypoint 6,33.00168,1
