Waypoint 1,30.04906,0
Waypoint 2,30.70352,0.0504141
Waypoint 3,31.30811,0.3687627
Waypoint 4,31.62264,0.635764
Waypoint 5,31.30305,0.8554755
Waypoint 6,28.85455,1
Waypoint 1,24.08368,1
Waypoint 2,23.89652,1
Waypoint 3,24.32383,1
Waypoint 4,24.43475,0.7017937
Waypoint 5,24.68706,0.3015928
Waypoint 6,24.6909,0
Waypoint 1,23.28004,0.3464699
Waypoint 2,23.43977,0.6523893
Waypoint 3,23.51145,0.9115429
Waypoint 4,23.54976,1
Waypoint 5,23.48,1
Waypoint 6,22.64624,1
Waypoint 1,27.75779,0.2002698
Waypoint 2,27.96988,0.6382714
Waypoint 3,27.99261,0.9468443
Waypoint 4,27.80337,1
Waypoint 5,26.96409,1
Waypoint 6,26.22949,0.8515865
Waypoint 1,26.80304,0.3467057
Waypoint 2,26.97887,0.7635902
Waypoint 3,26.97082,1
Waypoint 4,26.96436,1
Waypoint 5,26.95184,1
Waypoint 6,26.02234,1
Waypoint 1,28.2093,0.4490076
Waypoint 2,28.28864,0.7808756
Waypoint 3,28.26061,1
Waypoint 4,28.21827,1
Waypoint 5,27.10612,1
Waypoint 6,24.68439,1
Waypoint 1,25.16481,0
Waypoint 2,25.45849,0.347903
Waypoint 3,25.67044,0.4018972
Waypoint 4,25.93716,0.5955664
Waypoint 5,25.67544,0.993167
Waypoint 6,24.40412,1
Waypoint 1,34.30391,0.2478303
Waypoint 2,34.44378,0.5818129
Waypoint 3,34.41251,0.8621392
Waypoint 4,33.95686,0.9498475
Waypoint 5,33.17168,0.6508492
Waypoint 6,32.57683,0.9131147
