Waypoint 1,29.79842,0
Waypoint 2,30.42908,0.3146231
Waypoint 3,31.34577,0
Waypoint 4,32.092,0.3584308
Waypoint 5,31.89609,0.7767948
Waypoint 6,27.68366,1
Waypoint 1,22.64979,1
Waypoint 2,23.37539,0.8510542
Waypoint 3,23.89797,0.3851771
Waypoint 4,24.29958,0.09869855
Waypoint 5,24.60064,0.2141353
Waypoint 6,24.83733,0
Waypoint 1,22.84934,0.5955523
Waypoint 2,23.20049,0.4984968
Waypoint 3,23.34136,0.8581913
Waypoint 4,23.36187,1
Waypoint 5,23.09035,1
Waypoint 6,22.09963,1
Waypoint 1,27.94296,0.1001465
Waypoint 2,28.27523,0.149096
Waypoint 3,28.54025,0.1078091
Waypoint 4,28.81463,0.2478519
Waypoint 5,28.98681,0.6122058
Waypoint 6,27.89238,1
Waypoint 1,23.59562,1
Waypoint 2,23.69611,1
Waypoint 3,23.77735,0.9011171
Waypoint 4,23.99648,0.5476422
Waypoint 5,24.10575,0.9131901
Waypoint 6,23.65226,1
Waypoint 1,23.35899,0.6024185
Waypoint 2,23.68494,0.1979351
Waypoint 3,23.92086,0.04923179
Waypoint 4,24.16749,0.455737
Waypoint 5,24.27595,0.8063259
Waypoint 6,24.11898,1
Waypoint 1,21.48385,0
Waypoint 2,21.88497,0
Waypoint 3,22.22028,0.04992008
Waypoint 4,22.46914,0.4062909
Waypoint 5,22.6207,0.7550955
Waypoint 6,22.23662,1
Waypoint 1,33.6552,0.1978073
Waypoint 2,33.88606,0.1903506
Waypoint 3,33.61679,0.4495606
Waypoint 4,33.03013,0.6744513
Waypoint 5,32.20642,1
Waypoint 6,31.39215,1
