Waypoint 1,19.68561,0.2484995
Waypoint 2,20.02218,0.4207336
Waypoint 3,20.40005,0.440147
Waypoint 4,20.57958,0.7805153
Waypoint 5,19.42192,1
Waypoint 6,17.58067,1
Waypoint 1,15.1016,1
Waypoint 2,15.65048,1
Waypoint 3,14.84926,1
Waypoint 4,13.34149,0.8509006
Waypoint 5,12.21283,0.4225701
Waypoint 6,12.81173,1
Waypoint 1,22.25275,0.0497034
Waypoint 2,22.95208,0.406619
Waypoint 3,23.33895,0.7351218
Waypoint 4,22.34636,1
Waypoint 5,20.57876,1
Waypoint 6,18.94782,1
Waypoint 1,26.04519,0
Waypoint 2,26.33384,0
Waypoint 3,26.66099,0.2485045
Waypoint 4,26.68227,0.6235009
Waypoint 5,25.94049,0.9711142
Waypoint 6,24.09836,1
Waypoint 1,24.82562,0.9442955
Waypoint 2,24.8304,1
Waypoint 3,24.66317,1
Waypoint 4,24.19474,1
Waypoint 5,23.42089,1
Waypoint 6,21.90501,1
Waypoint 1,19.23913,0.6521019
Waypoint 2,20.03658,0.1490421
Waypoint 3,20.84453,0.5835
Waypoint 4,21.08147,1
Waypoint 5,20.87479,1
Waypoint 6,19.18248,1
Waypoint 1,18.53709,0.4510899
Waypoint 2,18.95386,1
Waypoint 3,19.24108,0.7017988
Waypoint 4,19.68798,0.376348
Waypoint 5,19.98766,0.3121274
Waypoint 6,19.48436,0.05016917
Waypoint 1,30.2562,0.5466019
Waypoint 2,30.35131,0.5494056
Waypoint 3,30.55581,0.2232375
Waypoint 4,30.6956,0.4675824
Waypoint 5,30.74183,0.7000867
Waypoint 6,30.69816,0.9303194
