Waypoint 1,29.3689,0.5475086
Waypoint 2,28.95716,0.8685912
Waypoint 3,26.76303,1
Waypoint 4,25.12433,1
Waypoint 5,23.23053,1
Waypoint 6,21.71451,1
Waypoint 1,20.78419,1
Waypoint 2,21.16112,1
Waypoint 3,21.53123,1
Waypoint 4,21.72658,1
Waypoint 5,22.14276,0.8016505
Waypoint 6,20.46942,0.4210075
Waypoint 1,21.35177,0.6969848
Waypoint 2,21.43014,1
Waypoint 3,21.52537,1
Waypoint 4,21.62435,1
Waypoint 5,21.34292,1
Waypoint 6,20.8647,1
Waypoint 1,28.15466,0
Waypoint 2,28.41454,0.3631027
Waypoint 3,28.5616,0.688223
Waypoint 4,28.66865,0.5322199
Waypoint 5,28.69695,0.4489312
Waypoint 6,27.97599,0.7242966
Waypoint 1,27.21441,0.896691
Waypoint 2,27.21672,1
Waypoint 3,27.2468,1
Waypoint 4,26.43362,1
Waypoint 5,24.59757,1
Waypoint 6,22.6978,1
Waypoint 1,20.6802,0.149101
Waypoint 2,21.30373,0.5699358
Waypoint 3,20.09081,0.8988397
Waypoint 4,18.71318,1
Waypoint 5,17.44508,1
Waypoint 6,15.77315,1
Waypoint 1,16.3949,1
Waypoint 2,16.80681,1
Waypoint 3,17.26634,0.7018021
Waypoint 4,17.79617,0.02964314
Waypoint 5,18.22903,0.3479984
Waypoint 6,17.51148,1
Waypoint 1,30.60692,0
Waypoint 2,30.78748,0.2164411
Waypoint 3,30.89218,0.6154863
Waypoint 4,30.83604,1
Waypoint 5,30.79142,1
Waypoint 6,29.97479,1
