Waypoint 1,29.54236,0.1011578
Waypoint 2,30.19181,0.09897088
Waypoint 3,30.66599,0.4348864
Waypoint 4,30.62402,0.7758673
Waypoint 5,30.25409,0.9977567
Waypoint 6,29.64687,1
Waypoint 1,25.4484,1
Waypoint 2,23.19495,1
Waypoint 3,22.18122,1
Waypoint 4,22.49185,1
Waypoint 5,22.76563,1
Waypoint 6,22.86554,0.8009905
Waypoint 1,25.62857,0.6957968
Waypoint 2,25.65536,1
Waypoint 3,25.67918,1
Waypoint 4,25.54006,1
Waypoint 5,25.38308,1
Waypoint 6,25.3814,1
Waypoint 1,31.40295,0.3465438
Waypoint 2,31.48822,0.6263021
Waypoint 3,31.15027,1
Waypoint 4,30.57054,1
Waypoint 5,29.89938,1
Waypoint 6,29.29131,1
Waypoint 1,26.88954,0.8925704
Waypoint 2,26.87535,1
Waypoint 3,26.72021,1
Waypoint 4,26.04324,1
Waypoint 5,24.85882,1
Waypoint 6,23.56837,1
Waypoint 1,22.22969,0.3478996
Waypoint 2,22.18068,0.7713897
Waypoint 3,21.71455,1
Waypoint 4,20.91483,1
Waypoint 5,19.66052,1
Waypoint 6,17.84752,1
Waypoint 1,16.89649,0.9503008
Waypoint 2,17.48423,0.4237034
Waypoint 3,17.91031,0.09899828
Waypoint 4,18.26466,0.6734201
Waypoint 5,18.53232,0.4031675
Waypoint 6,18.95762,0.4806875
Waypoint 1,31.54718,0.4873122
Waypoint 2,31.62105,0.8014613
Waypoint 3,31.26002,1
Waypoint 4,30.72015,1
Waypoint 5,30.18028,0.9503008
Waypoint 6,29.5529,0.6195769
