Waypoint 1,19.92806,0.2485003
Waypoint 2,20.26695,0
Waypoint 3,20.63882,0.1771592
Waypoint 4,21.01543,0.3180065
Waypoint 5,21.27657,0.9175084
Waypoint 6,19.61184,1
Waypoint 1,15.49303,1
Waypoint 2,16.49043,1
Waypoint 3,17.77354,0.1811852
Waypoint 4,18.78979,0.198787
Waypoint 5,19.5145,0.1096009
Waypoint 6,20.51758,0.7903033
Waypoint 1,20.13206,0.1493767
Waypoint 2,20.43527,0.5534292
Waypoint 3,20.76705,0.3213442
Waypoint 4,20.98255,0.6692471
Waypoint 5,21.09533,1
Waypoint 6,20.67631,1
Waypoint 1,26.43893,0
Waypoint 2,26.77206,0.05030035
Waypoint 3,26.98156,0.3364826
Waypoint 4,27.23223,0.11638
Waypoint 5,27.47406,0.4460751
Waypoint 6,26.9673,1
Waypoint 1,23.55737,1
Waypoint 2,23.60452,1
Waypoint 3,23.68425,0.8229371
Waypoint 4,23.80497,0.6154754
Waypoint 5,23.99206,0.3631765
Waypoint 6,24.13613,0.2967539
Waypoint 1,23.08536,0.5429869
Waypoint 2,23.30695,0.4068522
Waypoint 3,23.5871,0.3356855
Waypoint 4,23.80549,0.4078054
Waypoint 5,24.07109,0.5852503
Waypoint 6,23.5996,1
Waypoint 1,20.54364,0.005999461
Waypoint 2,21.00178,0
Waypoint 3,21.41883,0.3005309
Waypoint 4,21.49039,0.7780859
Waypoint 5,20.01718,1
Waypoint 6,17.38518,0.8418607
Waypoint 1,32.94789,0.2609295
Waypoint 2,33.14928,0.5537804
Waypoint 3,33.025,0.8519825
Waypoint 4,32.12025,1
Waypoint 5,31.27522,1
Waypoint 6,30.60162,1
