Waypoint 1,30.18043,0
Waypoint 2,30.68608,0.2468057
Waypoint 3,31.42176,0.2128634
Waypoint 4,31.94054,0.2535243
Waypoint 5,32.30605,0.6403039
Waypoint 6,29.70494,1
Waypoint 1,24.0028,1
Waypoint 2,21.22056,1
Waypoint 3,21.99755,1
Waypoint 4,22.31311,0.6023994
Waypoint 5,22.68599,0.1330659
Waypoint 6,23.20094,0
Waypoint 1,22.07978,0.6460943
Waypoint 2,22.31751,0.7304309
Waypoint 3,22.38075,0.9722908
Waypoint 4,22.40951,1
Waypoint 5,22.47777,1
Waypoint 6,21.86601,1
Waypoint 1,26.70938,0.04969923
Waypoint 2,27.00272,0.5057725
Waypoint 3,27.08783,0.9179409
Waypoint 4,26.71695,0.5396416
Waypoint 5,25.949,0.7358672
Waypoint 6,24.31406,1
Waypoint 1,24.24182,0.2483866
Waypoint 2,24.48295,0.1297125
Waypoint 3,24.70583,0.2510684
Waypoint 4,24.99642,0.05015505
Waypoint 5,25.30435,0.5659614
Waypoint 6,24.59949,1
Waypoint 1,21.96277,0.5466342
Waypoint 2,22.13939,0.6148311
Waypoint 3,22.2407,0.8264192
Waypoint 4,22.26224,1
Waypoint 5,22.31093,1
Waypoint 6,22.45135,0.7583195
Waypoint 1,21.79299,0.4535193
Waypoint 2,21.9659,0.666254
Waypoint 3,22.27059,0.4823464
Waypoint 4,22.43066,0.8790045
Waypoint 5,22.49443,0.9524429
Waypoint 6,21.6993,0.6370019
Waypoint 1,33.12238,0.4473014
Waypoint 2,33.38696,0.1002586
Waypoint 3,33.71289,0
Waypoint 4,33.93958,0.3897296
Waypoint 5,33.35483,0.7818934
Waypoint 6,32.22644,1
