Waypoint 1,29.98213,0
Waypoint 2,30.54214,0.1988044
Waypoint 3,30.73442,0.5201536
Waypoint 4,30.12537,0.7132466
Waypoint 5,28.13572,1
Waypoint 6,26.1294,1
Waypoint 1,21.39434,1
Waypoint 2,21.78019,1
Waypoint 3,22.32536,1
Waypoint 4,22.40232,1
Waypoint 5,22.48638,1
Waypoint 6,21.40867,1
Waypoint 1,22.73892,0.09975132
Waypoint 2,23.06443,0.2981904
Waypoint 3,23.27405,0.729045
Waypoint 4,23.31847,1
Waypoint 5,22.70183,1
Waypoint 6,21.62664,1
Waypoint 1,27.0275,0.2981597
Waypoint 2,27.31237,0
Waypoint 3,27.57488,0.3342873
Waypoint 4,27.70755,0.6666991
Waypoint 5,27.55037,0.8999515
Waypoint 6,26.81406,1
Waypoint 1,25.36342,1
Waypoint 2,25.39928,1
Waypoint 3,25.42055,1
Waypoint 4,25.27215,1
Waypoint 5,24.78198,0.770067
Waypoint 6,24.27345,0.5442605
Waypoint 1,21.52782,0.2961114
Waypoint 2,21.38321,0.8314142
Waypoint 3,22.27054,1
Waypoint 4,21.93406,0.1490703
Waypoint 5,20.67759,0.4754551
Waypoint 6,20.34656,0.7046317
Waypoint 1,19.5047,0.7448251
Waypoint 2,16.78573,1
Waypoint 3,14.02483,1
Waypoint 4,14.10399,1
Waypoint 5,14.64237,1
Waypoint 6,15.29864,1
Waypoint 1,29.46094,0.397598
Waypoint 2,29.56717,0.7000245
Waypoint 3,29.07726,0.9930747
Waypoint 4,28.44639,1
Waypoint 5,27.81335,1
Waypoint 6,27.17844,1
