Waypoint 1,30.11318,0.05473068
Waypoint 2,30.62506,0.2963198
Waypoint 3,31.30546,0.6468606
Waypoint 4,31.81053,0.9995036
Waypoint 5,32.30324,1
Waypoint 6,32.52964,1
Waypoint 1,27.97774,1
Waypoint 2,24.91677,0.5029917
Waypoint 3,25.20235,0.4721945
Waypoint 4,25.29684,0.8814869
Waypoint 5,25.47227,0.1999892
Waypoint 6,25.74434,0.2969317
Waypoint 1,22.9419,0.04930568
Waypoint 2,23.22624,0.4966096
Waypoint 3,23.34406,0.7950184
Waypoint 4,23.38004,1
Waypoint 5,23.44333,1
Waypoint 6,22.72682,1
Waypoint 1,27.50894,0.09241587
Waypoint 2,27.84364,0.04944019
Waypoint 3,28.08655,0.4230575
Waypoint 4,28.19239,0.6969733
Waypoint 5,28.17513,1
Waypoint 6,27.40038,1
Waypoint 1,26.61329,0.8995072
Waypoint 2,26.81501,0.5316727
Waypoint 3,27.03676,0.264473
Waypoint 4,27.26373,0
Waypoint 5,27.5057,0.278914
Waypoint 6,27.63431,0.6449717
Waypoint 1,25.73152,1
Waypoint 2,25.76253,0.9502028
Waypoint 3,25.9,0.613653
Waypoint 4,26.15075,0.2965896
Waypoint 5,26.41341,0.1285269
Waypoint 6,26.10174,0
Waypoint 1,21.04154,1
Waypoint 2,21.51117,0.7514548
Waypoint 3,21.93871,0.1882724
Waypoint 4,22.41566,0
Waypoint 5,22.86523,0.347247
Waypoint 6,23.08006,0.9145775
Waypoint 1,33.81207,0.2484638
Waypoint 2,34.02409,0.3371061
Waypoint 3,34.118,0.6268651
Waypoint 4,34.1458,0.5932234
Waypoint 5,33.42257,0.3870246
Waypoint 6,32.91302,0.662043
