Waypoint 1,30.23285,0.2478983
Waypoint 2,30.75762,0.2131847
Waypoint 3,31.29327,0.5421084
Waypoint 4,30.47557,0.8529506
Waypoint 5,27.86046,1
Waypoint 6,25.20181,1
Waypoint 1,21.08352,1
Waypoint 2,21.83198,1
Waypoint 3,22.34719,1
Waypoint 4,20.43832,1
Waypoint 5,18.6434,0
Waypoint 6,16.98311,0
Waypoint 1,21.06558,0
Waypoint 2,21.45282,0
Waypoint 3,21.68051,0.2848164
Waypoint 4,21.82837,0.5008922
Waypoint 5,21.95622,0.9004754
Waypoint 6,22.02715,1
Waypoint 1,27.7389,0.8452656
Waypoint 2,27.57137,1
Waypoint 3,26.87283,1
Waypoint 4,26.12628,1
Waypoint 5,25.45748,1
Waypoint 6,25.36472,0.951831
Waypoint 1,27.26139,0.9434602
Waypoint 2,27.25816,1
Waypoint 3,27.26185,1
Waypoint 4,27.23958,1
Waypoint 5,27.04725,0.9017648
Waypoint 6,26.52179,0
Waypoint 1,26.10599,0.5467016
Waypoint 2,26.20396,0.864562
Waypoint 3,26.21177,1
Waypoint 4,26.23478,1
Waypoint 5,26.26626,1
Waypoint 6,25.45206,1
Waypoint 1,22.54794,0
Waypoint 2,22.84605,0
Waypoint 3,23.13,0.3936667
Waypoint 4,23.22179,0.7365698
Waypoint 5,23.26535,1
Waypoint 6,23.16158,0.8500612
Waypoint 1,33.46274,0.398219
Waypoint 2,33.54559,0.7134018
Waypoint 3,33.49004,0.9892828
Waypoint 4,33.08995,1
Waypoint 5,32.31941,1
Waypoint 6,31.59095,1
