Waypoint 1,24.93617,0
Waypoint 2,25.81545,0.09843452
Waypoint 3,26.45284,0.4739125
Waypoint 4,26.5833,0.885298
Waypoint 5,25.0972,1
Waypoint 6,22.59445,1
Waypoint 1,19.17759,1
Waypoint 2,19.99499,1
Waypoint 3,20.32946,0.9012948
Waypoint 4,20.63564,0.4930941
Waypoint 5,20.98371,0.07336608
Waypoint 6,20.9541,0
Waypoint 1,19.67035,0.3956411
Waypoint 2,19.85233,0.7523731
Waypoint 3,19.91866,1
Waypoint 4,20.01044,1
Waypoint 5,20.12568,1
Waypoint 6,20.06625,1
Waypoint 1,26.6051,0
Waypoint 2,26.89068,0.09940013
Waypoint 3,27.09295,0.3898574
Waypoint 4,26.82368,0.6453428
Waypoint 5,26.24346,0.9515944
Waypoint 6,25.66062,1
Waypoint 1,24.88074,0.4476227
Waypoint 2,24.97977,0.6111256
Waypoint 3,25.04052,0.8740486
Waypoint 4,25.04078,1
Waypoint 5,24.87887,1
Waypoint 6,24.3585,1
Waypoint 1,26.86593,0.09946655
Waypoint 2,27.07689,0.4108234
Waypoint 3,27.20497,0.7734031
Waypoint 4,26.76554,1
Waypoint 5,26.28521,1
Waypoint 6,24.79222,1
Waypoint 1,23.46034,0.7999694
Waypoint 2,23.71746,0.3924297
Waypoint 3,23.94953,0.5129322
Waypoint 4,23.9727,0.2576477
Waypoint 5,23.60187,0.05901769
Waypoint 6,22.22868,0.4073549
Waypoint 1,35.33377,0.2504274
Waypoint 2,35.44925,0.5045471
Waypoint 3,34.91115,0.8029633
Waypoint 4,34.4786,1
Waypoint 5,33.89745,1
Waypoint 6,33.16636,1
