Waypoint 1,30.28028,0.2476958
Waypoint 2,30.80779,0
Waypoint 3,31.47763,0.0517774
Waypoint 4,32.03349,0.3955572
Waypoint 5,31.06657,0.791223
Waypoint 6,27.55717,1
Waypoint 1,18.49653,1
Waypoint 2,18.54764,1
Waypoint 3,19.48467,0.6028603
Waypoint 4,19.98885,0.007355351
Waypoint 5,20.35255,0.5570426
Waypoint 6,20.05455,0
Waypoint 1,24.35786,0.05064574
Waypoint 2,24.50182,0.04966768
Waypoint 3,24.6356,0.2616493
Waypoint 4,24.84178,0.3173108
Waypoint 5,24.83595,0.6922465
Waypoint 6,24.24466,0.9992578
Waypoint 1,26.45203,0.447323
Waypoint 2,26.67802,0.1379264
Waypoint 3,26.87058,0.04970754
Waypoint 4,27.00406,0.201184
Waypoint 5,27.17173,0.5109027
Waypoint 6,26.47968,0.8025025
Waypoint 1,22.48593,0.4472981
Waypoint 2,22.53014,0.6530752
Waypoint 3,22.56716,0.8641219
Waypoint 4,22.61476,1
Waypoint 5,22.67211,1
Waypoint 6,22.75038,1
Waypoint 1,22.23426,0
Waypoint 2,22.52314,0.09947402
Waypoint 3,22.65288,0.2934487
Waypoint 4,22.79406,0.4946236
Waypoint 5,22.86659,0.6998825
Waypoint 6,22.9032,0.9034502
Waypoint 1,21.56035,1
Waypoint 2,21.82249,0.5719102
Waypoint 3,22.11116,0.2274338
Waypoint 4,22.44115,0.1975366
Waypoint 5,22.64568,0.550554
Waypoint 6,21.76145,1
Waypoint 1,33.94308,0.5004497
Waypoint 2,33.95185,0.7417316
Waypoint 3,33.88609,0.931388
Waypoint 4,33.41069,1
Waypoint 5,32.9631,1
Waypoint 6,32.36399,1
