Waypoint 1,29.94314,0.1981833
Waypoint 2,30.6001,0
Waypoint 3,31.23044,0.3000004
Waypoint 4,31.63638,0.664669
Waypoint 5,29.66581,1
Waypoint 6,26.57222,1
Waypoint 1,21.12306,1
Waypoint 2,21.8816,0.8505195
Waypoint 3,22.48577,0.1989381
Waypoint 4,22.863,0
Waypoint 5,23.23046,0.1975764
Waypoint 6,23.50032,0.7405725
Waypoint 1,22.86178,0.1004305
Waypoint 2,23.12609,0.4732765
Waypoint 3,23.23843,0.6978027
Waypoint 4,23.3007,1
Waypoint 5,22.59976,1
Waypoint 6,20.72361,1
Waypoint 1,27.52432,0.2530095
Waypoint 2,27.71882,0.6034706
Waypoint 3,27.7635,0.9016801
Waypoint 4,27.18342,1
Waypoint 5,26.57027,1
Waypoint 6,25.90206,1
Waypoint 1,25.34956,0.2984686
Waypoint 2,25.55352,0.7232247
Waypoint 3,25.57338,0.9881669
Waypoint 4,25.57114,1
Waypoint 5,25.58983,1
Waypoint 6,25.60146,1
Waypoint 1,27.32179,0.396947
Waypoint 2,27.42968,0.6615538
Waypoint 3,27.46575,0.8803968
Waypoint 4,27.44586,1
Waypoint 5,27.42987,1
Waypoint 6,27.41689,1
Waypoint 1,26.48589,0.1551005
Waypoint 2,26.97625,0
Waypoint 3,27.23024,0.2988189
Waypoint 4,27.31958,0.5858156
Waypoint 5,27.34135,0.7339427
Waypoint 6,26.40363,0.7829304
Waypoint 1,36.77378,0.3478996
Waypoint 2,36.9523,0.1862291
Waypoint 3,37.11555,0.4747643
Waypoint 4,36.56706,0.7979458
Waypoint 5,35.64325,1
Waypoint 6,34.54578,1
