Waypoint 1,25.00701,0.1983444
Waypoint 2,25.58151,0.5240152
Waypoint 3,26.47677,0.4890857
Waypoint 4,27.03353,0.8434498
Waypoint 5,26.64084,1
Waypoint 6,23.21997,1
Waypoint 1,19.01177,0.8012013
Waypoint 2,20.38105,0.4388011
Waypoint 3,21.07467,0.1182448
Waypoint 4,21.44584,0.4008461
Waypoint 5,21.62747,0.803195
Waypoint 6,20.53425,1
Waypoint 1,20.58724,0.2489711
Waypoint 2,20.85184,0.7616049
Waypoint 3,20.92846,1
Waypoint 4,21.03211,1
Waypoint 5,21.17903,1
Waypoint 6,20.66337,0.751978
Waypoint 1,26.37845,0.1490985
Waypoint 2,26.65462,0.6237042
Waypoint 3,26.3678,1
Waypoint 4,25.39409,1
Waypoint 5,23.25531,1
Waypoint 6,20.1795,0.7514988
Waypoint 1,23.86216,0.2491363
Waypoint 2,24.08635,0.6698416
Waypoint 3,24.13609,1
Waypoint 4,24.17505,1
Waypoint 5,24.23525,1
Waypoint 6,24.12155,1
Waypoint 1,25.27218,0
Waypoint 2,25.55463,0
Waypoint 3,25.83035,0.1987969
Waypoint 4,26.08579,0.1239837
Waypoint 5,26.34117,0.5767998
Waypoint 6,25.44522,1
Waypoint 1,20.4128,0.05657216
Waypoint 2,20.97755,0
Waypoint 3,21.43709,0.1295672
Waypoint 4,21.8417,0.4098736
Waypoint 5,21.38795,1
Waypoint 6,18.94243,1
Waypoint 1,30.8333,0.2988464
Waypoint 2,29.94526,0.6709377
Waypoint 3,29.18695,1
Waypoint 4,28.21802,1
Waypoint 5,26.07153,0.9015315
Waypoint 6,25.62094,0.5749233
