Waypoint 1,30.04179,0.496999
Waypoint 2,30.54043,0.234301
Waypoint 3,31.31735,0.3727048
Waypoint 4,31.78246,0.6688138
Waypoint 5,30.69624,1
Waypoint 6,27.8553,1
Waypoint 1,22.00211,1
Waypoint 2,21.8521,0.9484368
Waypoint 3,22.56146,0.3851215
Waypoint 4,22.94958,0
Waypoint 5,23.32105,0
Waypoint 6,23.66004,0.5346012
Waypoint 1,21.73621,0.8509098
Waypoint 2,22.16183,0.6500056
Waypoint 3,22.34611,0.7028913
Waypoint 4,22.66076,0.3836169
Waypoint 5,22.84974,0.7981343
Waypoint 6,22.59367,1
Waypoint 1,29.06881,0.2486124
Waypoint 2,29.3728,0.2138489
Waypoint 3,29.54717,0.5407825
Waypoint 4,29.59105,0.8970786
Waypoint 5,28.7289,1
Waypoint 6,27.73545,1
Waypoint 1,26.77529,0.8448994
Waypoint 2,26.77763,1
Waypoint 3,26.78823,1
Waypoint 4,26.78825,1
Waypoint 5,26.46414,0.8011988
Waypoint 6,25.95955,0
Waypoint 1,24.94102,0.9443005
Waypoint 2,25.10427,0.5728053
Waypoint 3,25.31233,0.7172045
Waypoint 4,25.32223,1
Waypoint 5,25.3214,1
Waypoint 6,24.48373,0.693056
Waypoint 1,22.74119,0.8937775
Waypoint 2,23.0416,0.6096776
Waypoint 3,23.15811,1
Waypoint 4,23.22104,1
Waypoint 5,23.30654,1
Waypoint 6,22.2349,0.5320614
Waypoint 1,32.98808,0.1985105
Waypoint 2,33.26548,0
Waypoint 3,33.55349,0.2970347
Waypoint 4,33.90397,0.1491899
Waypoint 5,34.0887,0.5621255
Waypoint 6,32.73074,1
